Dimension Row: 15
Row Constraints
{0}
{0}
{4,1,1,4}
{1,1,1,1}
{1,1,1,1}
{1,1,1,1}
{3,4,3}
{1,1,2}
{1,1,1}
{1,1,1}
{2,1,2}
{3,1,3}
{0}
{13}
{0}
Dimension Col: 15
Column Constraints
{0}
{1,1,5}
{1,1,1,1}
{1,2,2,1}
{1,4,1}
{1}
{1,5}
{1,1}
{1,1}
{1,10}
{1}
{1,1,5}
{1,1,1,1}
{1,2,1,1
{4,1}
Solution:
0,0,0,0,0,0,0,0,0,0,0,0,0,0,0
0,0,0,0,0,0,0,0,0,0,0,0,0,0,0
0,1,1,1,1,0,1,0,0,1,0,1,1,1,1
0,1,0,0,0,0,1,0,0,1,0,1,0,0,0
0,1,0,0,0,0,1,0,0,1,0,1,0,0,0
0,1,0,0,0,0,1,0,0,1,0,1,0,0,0
0,1,1,1,0,0,1,1,1,1,0,1,1,1,0
0,0,0,1,1,0,0,0,0,1,0,0,0,1,1
0,0,0,0,1,0,0,0,0,1,0,0,0,0,1
0,0,0,0,1,0,0,0,0,1,0,0,0,0,1
0,0,0,1,1,0,0,0,0,1,0,0,0,1,1
0,1,1,1,0,0,0,0,0,1,0,1,1,1,0
0,0,0,0,0,0,0,0,0,0,0,0,0,0,0
0,1,1,1,1,1,1,1,1,1,1,1,1,1,0
0,0,0,0,0,0,0,0,0,0,0,0,0,0,0

