Dimension Row: 15
Row Constraints
{0}
{0}
{1,1}
{3,3}
{3,3}
{3,1,3}
{4,3,4}
{4,3,4}
{11}
{1,1,1}
{1,1,1,1}
{1,1,1}
{1,1}
{11}
{0}
Dimension Col: 15
Column Constraints
{0}
{10}
{1,7}
{1,6}
{1,3}
{1,1}
{1,3}
{1,4}
{1,3}
{1,1}
{1,3}
{1,6}
{1,7}
{10}
{0}
Solution:
0,0,0,0,0,0,0,0,0,0,0,0,0,0,0
0,0,0,0,0,0,0,0,0,0,0,0,0,0,0
0,0,1,0,0,0,0,0,0,0,0,0,1,0,0
0,1,1,1,0,0,0,0,0,0,0,1,1,1,0
0,1,1,1,0,0,0,0,0,0,0,1,1,1,0
0,1,1,1,0,0,0,1,0,0,0,1,1,1,0
0,1,1,1,1,0,1,1,1,0,1,1,1,1,0
0,1,1,1,1,0,1,1,1,0,1,1,1,1,0
0,1,1,1,1,1,1,1,1,1,1,1,1,1,0
0,1,0,0,0,0,0,1,0,0,0,0,0,1,0
0,1,0,0,0,0,1,0,1,0,0,0,0,1,0
0,1,0,0,0,0,0,1,0,0,0,0,0,1,0
0,1,0,0,0,0,0,0,0,0,0,0,0,1,0
0,0,1,1,1,1,1,1,1,1,1,1,1,0,0
0,0,0,0,0,0,0,0,0,0,0,0,0,0,0

