Dimension Row: 20
Row Constraints
{0}
{0}
{0}
{0}
{1, 3}
{2, 2, 6}
{1, 1, 2, 4}
{11}
{11}
{9}
{12}
{5, 2, 2}
{4, 2}
{2, 2}
{3}
{4}
{4}
{6}
{0}
{0}
Dimension Col: 20
Column Constraints
{0}
{2}
{3}
{2, 2}
{1, 5}
{2, 5}
{1, 4}
{1, 1, 5}
{1, 2, 4}
{1, 8}
{2, 5, 2}
{2, 4}
{3, 5}
{2, 4, 1}
{2, 4, 1}
{7}
{5}
{2}
{0}
{0}
Solution:
0,0,0,0,0,0,0,0,0,0,0,0,0,0,0,0,0,0,0,0
0,0,0,0,0,0,0,0,0,0,0,0,0,0,0,0,0,0,0,0
0,0,0,0,0,0,0,0,0,0,0,0,0,0,0,0,0,0,0,0
0,0,0,0,0,0,0,0,0,0,0,0,0,0,0,0,0,0,0,0
0,0,0,1,1,1,0,0,0,0,1,0,0,0,0,0,0,0,0,0
0,1,1,1,1,1,1,0,0,1,1,0,0,1,1,0,0,0,0,0
0,1,1,0,1,1,1,1,0,1,0,0,1,0,0,0,0,0,0,0
0,0,1,1,1,1,1,1,1,1,1,1,1,0,0,0,0,0,0,0
0,0,0,1,1,1,1,1,1,1,1,1,1,1,0,0,0,0,0,0
0,0,0,0,0,0,0,1,1,1,1,1,1,1,1,1,0,0,0,0
0,0,0,0,0,1,1,1,1,1,1,1,1,1,1,1,1,0,0,0
0,0,0,0,1,1,0,0,0,1,1,0,0,1,1,1,1,1,0,0
0,0,0,0,0,0,0,0,1,1,0,0,0,0,1,1,1,1,0,0
0,0,0,0,0,0,0,1,1,0,0,0,0,0,0,1,1,0,0,0
0,0,0,0,0,0,0,0,0,0,0,0,0,0,1,1,1,0,0,0
0,0,0,0,0,0,0,0,0,0,0,0,1,1,1,1,0,0,0,0
0,0,0,0,0,0,0,0,0,0,1,1,1,1,0,0,0,0,0,0
0,0,0,0,0,0,0,1,1,1,1,1,1,0,0,0,0,0,0,0
0,0,0,0,0,0,0,0,0,0,0,0,0,0,0,0,0,0,0,0
0,0,0,0,0,0,0,0,0,0,0,0,0,0,0,0,0,0,0,0


